test		38;5;0
test		38;5;1
test		38;5;2
test		38;5;3
test		38;5;4
test		38;5;5
test		38;5;6
test		38;5;7
test		38;5;8
test		38;5;9
test		38;5;10
test		38;5;11
test		38;5;12
test		38;5;13
test		38;5;14
test		38;5;15
test		38;5;16
test		38;5;17
test		38;5;18
test		38;5;19
test		38;5;20
test		38;5;21
test		38;5;22
test		38;5;23
test		38;5;24
test		38;5;25
test		38;5;26
test		38;5;27
test		38;5;28
test		38;5;29
test		38;5;30
test		38;5;31
test		38;5;32
test		38;5;33
test		38;5;34
test		38;5;35
test		38;5;36
test		38;5;37
test		38;5;38
test		38;5;39
test		38;5;40
test		38;5;41
test		38;5;42
test		38;5;43
test		38;5;44
test		38;5;45
test		38;5;46
test		38;5;47
test		38;5;48
test		38;5;49
test		38;5;50
test		38;5;51
test		38;5;52
test		38;5;53
test		38;5;54
test		38;5;55
test		38;5;56
test		38;5;57
test		38;5;58
test		38;5;59
test		38;5;60
test		38;5;61
test		38;5;62
test		38;5;63
test		38;5;64
test		38;5;65
test		38;5;66
test		38;5;67
test		38;5;68
test		38;5;69
test		38;5;70
test		38;5;71
test		38;5;72
test		38;5;73
test		38;5;74
test		38;5;75
test		38;5;76
test		38;5;77
test		38;5;78
test		38;5;79
test		38;5;80
test		38;5;81
test		38;5;82
test		38;5;83
test		38;5;84
test		38;5;85
test		38;5;86
test		38;5;87
test		38;5;88
test		38;5;89
test		38;5;90
test		38;5;91
test		38;5;92
test		38;5;93
test		38;5;94
test		38;5;95
test		38;5;96
test		38;5;97
test		38;5;98
test		38;5;99
test		38;5;100
test		38;5;101
test		38;5;102
test		38;5;103
test		38;5;104
test		38;5;105
test		38;5;106
test		38;5;107
test		38;5;108
test		38;5;109
test		38;5;110
test		38;5;111
test		38;5;112
test		38;5;113
test		38;5;114
test		38;5;115
test		38;5;116
test		38;5;117
test		38;5;118
test		38;5;119
test		38;5;120
test		38;5;121
test		38;5;122
test		38;5;123
test		38;5;124
test		38;5;125
test		38;5;126
test		38;5;127
test		38;5;128
test		38;5;129
test		38;5;130
test		38;5;131
test		38;5;132
test		38;5;133
test		38;5;134
test		38;5;135
test		38;5;136
test		38;5;137
test		38;5;138
test		38;5;139
test		38;5;140
test		38;5;141
test		38;5;142
test		38;5;143
test		38;5;144
test		38;5;145
test		38;5;146
test		38;5;147
test		38;5;148
test		38;5;149
test		38;5;150
test		38;5;151
test		38;5;152
test		38;5;153
test		38;5;154
test		38;5;155
test		38;5;156
test		38;5;157
test		38;5;158
test		38;5;159
test		38;5;160
test		38;5;161
test		38;5;162
test		38;5;163
test		38;5;164
test		38;5;165
test		38;5;166
test		38;5;167
test		38;5;168
test		38;5;169
test		38;5;170
test		38;5;171
test		38;5;172
test		38;5;173
test		38;5;174
test		38;5;175
test		38;5;176
test		38;5;177
test		38;5;178
test		38;5;179
test		38;5;180
test		38;5;181
test		38;5;182
test		38;5;183
test		38;5;184
test		38;5;185
test		38;5;186
test		38;5;187
test		38;5;188
test		38;5;189
test		38;5;190
test		38;5;191
test		38;5;192
test		38;5;193
test		38;5;194
test		38;5;195
test		38;5;196
test		38;5;197
test		38;5;198
test		38;5;199
test		38;5;200
test		38;5;201
test		38;5;202
test		38;5;203
test		38;5;204
test		38;5;205
test		38;5;206
test		38;5;207
test		38;5;208
test		38;5;209
test		38;5;210
test		38;5;211
test		38;5;212
test		38;5;213
test		38;5;214
test		38;5;215
test		38;5;216
test		38;5;217
test		38;5;218
test		38;5;219
test		38;5;220
test		38;5;221
test		38;5;222
test		38;5;223
test		38;5;224
test		38;5;225
test		38;5;226
test		38;5;227
test		38;5;228
test		38;5;229
test		38;5;230
test		38;5;231
test		38;5;232
test		38;5;233
test		38;5;234
test		38;5;235
test		38;5;236
test		38;5;237
test		38;5;238
test		38;5;239
test		38;5;240
test		38;5;241
test		38;5;242
test		38;5;243
test		38;5;244
test		38;5;245
test		38;5;246
test		38;5;247
test		38;5;248
test		38;5;249
test		38;5;250
test		38;5;251
test		38;5;252
test		38;5;253
test		38;5;254
test		38;5;255
test		48;5;234;38;5;0
test		48;5;234;38;5;0;1
test		48;5;234;38;5;1
test		48;5;234;38;5;1;1
test		48;5;234;38;5;2
test		48;5;234;38;5;2;1
test		48;5;234;38;5;3
test		48;5;234;38;5;3;1
test		48;5;234;38;5;4
test		48;5;234;38;5;4;1
test		48;5;234;38;5;5
test		48;5;234;38;5;5;1
test		48;5;234;38;5;6
test		48;5;234;38;5;6;1
test		48;5;234;38;5;7
test		48;5;234;38;5;7;1
test		48;5;234;38;5;8
test		48;5;234;38;5;8;1
test		48;5;234;38;5;9
test		48;5;234;38;5;9;1
test		48;5;234;38;5;10
test		48;5;234;38;5;10;1
test		48;5;234;38;5;11
test		48;5;234;38;5;11;1
test		48;5;234;38;5;12
test		48;5;234;38;5;12;1
test		48;5;234;38;5;13
test		48;5;234;38;5;13;1
test		48;5;234;38;5;14
test		48;5;234;38;5;14;1
test		48;5;234;38;5;15
test		48;5;234;38;5;15;1
test		48;5;234;38;5;16
test		48;5;234;38;5;16;1
test		48;5;234;38;5;17
test		48;5;234;38;5;17;1
test		48;5;234;38;5;18
test		48;5;234;38;5;18;1
test		48;5;234;38;5;19
test		48;5;234;38;5;19;1
test		48;5;234;38;5;20
test		48;5;234;38;5;20;1
test		48;5;234;38;5;21
test		48;5;234;38;5;21;1
test		48;5;234;38;5;22
test		48;5;234;38;5;22;1
test		48;5;234;38;5;23
test		48;5;234;38;5;23;1
test		48;5;234;38;5;24
test		48;5;234;38;5;24;1
test		48;5;234;38;5;25
test		48;5;234;38;5;25;1
test		48;5;234;38;5;26
test		48;5;234;38;5;26;1
test		48;5;234;38;5;27
test		48;5;234;38;5;27;1
test		48;5;234;38;5;28
test		48;5;234;38;5;28;1
test		48;5;234;38;5;29
test		48;5;234;38;5;29;1
test		48;5;234;38;5;30
test		48;5;234;38;5;30;1
test		48;5;234;38;5;31
test		48;5;234;38;5;31;1
test		48;5;234;38;5;32
test		48;5;234;38;5;32;1
test		48;5;234;38;5;33
test		48;5;234;38;5;33;1
test		48;5;234;38;5;34
test		48;5;234;38;5;34;1
test		48;5;234;38;5;35
test		48;5;234;38;5;35;1
test		48;5;234;38;5;36
test		48;5;234;38;5;36;1
test		48;5;234;38;5;37
test		48;5;234;38;5;37;1
test		48;5;234;38;5;38
test		48;5;234;38;5;38;1
test		48;5;234;38;5;39
test		48;5;234;38;5;39;1
test		48;5;234;38;5;40
test		48;5;234;38;5;40;1
test		48;5;234;38;5;41
test		48;5;234;38;5;41;1
test		48;5;234;38;5;42
test		48;5;234;38;5;42;1
test		48;5;234;38;5;43
test		48;5;234;38;5;43;1
test		48;5;234;38;5;44
test		48;5;234;38;5;44;1
test		48;5;234;38;5;45
test		48;5;234;38;5;45;1
test		48;5;234;38;5;46
test		48;5;234;38;5;46;1
test		48;5;234;38;5;47
test		48;5;234;38;5;47;1
test		48;5;234;38;5;48
test		48;5;234;38;5;48;1
test		48;5;234;38;5;49
test		48;5;234;38;5;49;1
test		48;5;234;38;5;50
test		48;5;234;38;5;50;1
test		48;5;234;38;5;51
test		48;5;234;38;5;51;1
test		48;5;234;38;5;52
test		48;5;234;38;5;52;1
test		48;5;234;38;5;53
test		48;5;234;38;5;53;1
test		48;5;234;38;5;54
test		48;5;234;38;5;54;1
test		48;5;234;38;5;55
test		48;5;234;38;5;55;1
test		48;5;234;38;5;56
test		48;5;234;38;5;56;1
test		48;5;234;38;5;57
test		48;5;234;38;5;57;1
test		48;5;234;38;5;58
test		48;5;234;38;5;58;1
test		48;5;234;38;5;59
test		48;5;234;38;5;59;1
test		48;5;234;38;5;60
test		48;5;234;38;5;60;1
test		48;5;234;38;5;61
test		48;5;234;38;5;61;1
test		48;5;234;38;5;62
test		48;5;234;38;5;62;1
test		48;5;234;38;5;63
test		48;5;234;38;5;63;1
test		48;5;234;38;5;64
test		48;5;234;38;5;64;1
test		48;5;234;38;5;65
test		48;5;234;38;5;65;1
test		48;5;234;38;5;66
test		48;5;234;38;5;66;1
test		48;5;234;38;5;67
test		48;5;234;38;5;67;1
test		48;5;234;38;5;68
test		48;5;234;38;5;68;1
test		48;5;234;38;5;69
test		48;5;234;38;5;69;1
test		48;5;234;38;5;70
test		48;5;234;38;5;70;1
test		48;5;234;38;5;71
test		48;5;234;38;5;71;1
test		48;5;234;38;5;72
test		48;5;234;38;5;72;1
test		48;5;234;38;5;73
test		48;5;234;38;5;73;1
test		48;5;234;38;5;74
test		48;5;234;38;5;74;1
test		48;5;234;38;5;75
test		48;5;234;38;5;75;1
test		48;5;234;38;5;76
test		48;5;234;38;5;76;1
test		48;5;234;38;5;77
test		48;5;234;38;5;77;1
test		48;5;234;38;5;78
test		48;5;234;38;5;78;1
test		48;5;234;38;5;79
test		48;5;234;38;5;79;1
test		48;5;234;38;5;80
test		48;5;234;38;5;80;1
test		48;5;234;38;5;81
test		48;5;234;38;5;81;1
test		48;5;234;38;5;82
test		48;5;234;38;5;82;1
test		48;5;234;38;5;83
test		48;5;234;38;5;83;1
test		48;5;234;38;5;84
test		48;5;234;38;5;84;1
test		48;5;234;38;5;85
test		48;5;234;38;5;85;1
test		48;5;234;38;5;86
test		48;5;234;38;5;86;1
test		48;5;234;38;5;87
test		48;5;234;38;5;87;1
test		48;5;234;38;5;88
test		48;5;234;38;5;88;1
test		48;5;234;38;5;89
test		48;5;234;38;5;89;1
test		48;5;234;38;5;90
test		48;5;234;38;5;90;1
test		48;5;234;38;5;91
test		48;5;234;38;5;91;1
test		48;5;234;38;5;92
test		48;5;234;38;5;92;1
test		48;5;234;38;5;93
test		48;5;234;38;5;93;1
test		48;5;234;38;5;94
test		48;5;234;38;5;94;1
test		48;5;234;38;5;95
test		48;5;234;38;5;95;1
test		48;5;234;38;5;96
test		48;5;234;38;5;96;1
test		48;5;234;38;5;97
test		48;5;234;38;5;97;1
test		48;5;234;38;5;98
test		48;5;234;38;5;98;1
test		48;5;234;38;5;99
test		48;5;234;38;5;99;1
test		48;5;234;38;5;100
test		48;5;234;38;5;100;1
test		48;5;234;38;5;101
test		48;5;234;38;5;101;1
test		48;5;234;38;5;102
test		48;5;234;38;5;102;1
test		48;5;234;38;5;103
test		48;5;234;38;5;103;1
test		48;5;234;38;5;104
test		48;5;234;38;5;104;1
test		48;5;234;38;5;105
test		48;5;234;38;5;105;1
test		48;5;234;38;5;106
test		48;5;234;38;5;106;1
test		48;5;234;38;5;107
test		48;5;234;38;5;107;1
test		48;5;234;38;5;108
test		48;5;234;38;5;108;1
test		48;5;234;38;5;109
test		48;5;234;38;5;109;1
test		48;5;234;38;5;110
test		48;5;234;38;5;110;1
test		48;5;234;38;5;111
test		48;5;234;38;5;111;1
test		48;5;234;38;5;112
test		48;5;234;38;5;112;1
test		48;5;234;38;5;113
test		48;5;234;38;5;113;1
test		48;5;234;38;5;114
test		48;5;234;38;5;114;1
test		48;5;234;38;5;115
test		48;5;234;38;5;115;1
test		48;5;234;38;5;116
test		48;5;234;38;5;116;1
test		48;5;234;38;5;117
test		48;5;234;38;5;117;1
test		48;5;234;38;5;118
test		48;5;234;38;5;118;1
test		48;5;234;38;5;119
test		48;5;234;38;5;119;1
test		48;5;234;38;5;120
test		48;5;234;38;5;120;1
test		48;5;234;38;5;121
test		48;5;234;38;5;121;1
test		48;5;234;38;5;122
test		48;5;234;38;5;122;1
test		48;5;234;38;5;123
test		48;5;234;38;5;123;1
test		48;5;234;38;5;124
test		48;5;234;38;5;124;1
test		48;5;234;38;5;125
test		48;5;234;38;5;125;1
test		48;5;234;38;5;126
test		48;5;234;38;5;126;1
test		48;5;234;38;5;127
test		48;5;234;38;5;127;1
test		48;5;234;38;5;128
test		48;5;234;38;5;128;1
test		48;5;234;38;5;129
test		48;5;234;38;5;129;1
test		48;5;234;38;5;130
test		48;5;234;38;5;130;1
test		48;5;234;38;5;131
test		48;5;234;38;5;131;1
test		48;5;234;38;5;132
test		48;5;234;38;5;132;1
test		48;5;234;38;5;133
test		48;5;234;38;5;133;1
test		48;5;234;38;5;134
test		48;5;234;38;5;134;1
test		48;5;234;38;5;135
test		48;5;234;38;5;135;1
test		48;5;234;38;5;136
test		48;5;234;38;5;136;1
test		48;5;234;38;5;137
test		48;5;234;38;5;137;1
test		48;5;234;38;5;138
test		48;5;234;38;5;138;1
test		48;5;234;38;5;139
test		48;5;234;38;5;139;1
test		48;5;234;38;5;140
test		48;5;234;38;5;140;1
test		48;5;234;38;5;141
test		48;5;234;38;5;141;1
test		48;5;234;38;5;142
test		48;5;234;38;5;142;1
test		48;5;234;38;5;143
test		48;5;234;38;5;143;1
test		48;5;234;38;5;144
test		48;5;234;38;5;144;1
test		48;5;234;38;5;145
test		48;5;234;38;5;145;1
test		48;5;234;38;5;146
test		48;5;234;38;5;146;1
test		48;5;234;38;5;147
test		48;5;234;38;5;147;1
test		48;5;234;38;5;148
test		48;5;234;38;5;148;1
test		48;5;234;38;5;149
test		48;5;234;38;5;149;1
test		48;5;234;38;5;150
test		48;5;234;38;5;150;1
test		48;5;234;38;5;151
test		48;5;234;38;5;151;1
test		48;5;234;38;5;152
test		48;5;234;38;5;152;1
test		48;5;234;38;5;153
test		48;5;234;38;5;153;1
test		48;5;234;38;5;154
test		48;5;234;38;5;154;1
test		48;5;234;38;5;155
test		48;5;234;38;5;155;1
test		48;5;234;38;5;156
test		48;5;234;38;5;156;1
test		48;5;234;38;5;157
test		48;5;234;38;5;157;1
test		48;5;234;38;5;158
test		48;5;234;38;5;158;1
test		48;5;234;38;5;159
test		48;5;234;38;5;159;1
test		48;5;234;38;5;160
test		48;5;234;38;5;160;1
test		48;5;234;38;5;161
test		48;5;234;38;5;161;1
test		48;5;234;38;5;162
test		48;5;234;38;5;162;1
test		48;5;234;38;5;163
test		48;5;234;38;5;163;1
test		48;5;234;38;5;164
test		48;5;234;38;5;164;1
test		48;5;234;38;5;165
test		48;5;234;38;5;165;1
test		48;5;234;38;5;166
test		48;5;234;38;5;166;1
test		48;5;234;38;5;167
test		48;5;234;38;5;167;1
test		48;5;234;38;5;168
test		48;5;234;38;5;168;1
test		48;5;234;38;5;169
test		48;5;234;38;5;169;1
test		48;5;234;38;5;170
test		48;5;234;38;5;170;1
test		48;5;234;38;5;171
test		48;5;234;38;5;171;1
test		48;5;234;38;5;172
test		48;5;234;38;5;172;1
test		48;5;234;38;5;173
test		48;5;234;38;5;173;1
test		48;5;234;38;5;174
test		48;5;234;38;5;174;1
test		48;5;234;38;5;175
test		48;5;234;38;5;175;1
test		48;5;234;38;5;176
test		48;5;234;38;5;176;1
test		48;5;234;38;5;177
test		48;5;234;38;5;177;1
test		48;5;234;38;5;178
test		48;5;234;38;5;178;1
test		48;5;234;38;5;179
test		48;5;234;38;5;179;1
test		48;5;234;38;5;180
test		48;5;234;38;5;180;1
test		48;5;234;38;5;181
test		48;5;234;38;5;181;1
test		48;5;234;38;5;182
test		48;5;234;38;5;182;1
test		48;5;234;38;5;183
test		48;5;234;38;5;183;1
test		48;5;234;38;5;184
test		48;5;234;38;5;184;1
test		48;5;234;38;5;185
test		48;5;234;38;5;185;1
test		48;5;234;38;5;186
test		48;5;234;38;5;186;1
test		48;5;234;38;5;187
test		48;5;234;38;5;187;1
test		48;5;234;38;5;188
test		48;5;234;38;5;188;1
test		48;5;234;38;5;189
test		48;5;234;38;5;189;1
test		48;5;234;38;5;190
test		48;5;234;38;5;190;1
test		48;5;234;38;5;191
test		48;5;234;38;5;191;1
test		48;5;234;38;5;192
test		48;5;234;38;5;192;1
test		48;5;234;38;5;193
test		48;5;234;38;5;193;1
test		48;5;234;38;5;194
test		48;5;234;38;5;194;1
test		48;5;234;38;5;195
test		48;5;234;38;5;195;1
test		48;5;234;38;5;196
test		48;5;234;38;5;196;1
test		48;5;234;38;5;197
test		48;5;234;38;5;197;1
test		48;5;234;38;5;198
test		48;5;234;38;5;198;1
test		48;5;234;38;5;199
test		48;5;234;38;5;199;1
test		48;5;234;38;5;200
test		48;5;234;38;5;200;1
test		48;5;234;38;5;201
test		48;5;234;38;5;201;1
test		48;5;234;38;5;202
test		48;5;234;38;5;202;1
test		48;5;234;38;5;203
test		48;5;234;38;5;203;1
test		48;5;234;38;5;204
test		48;5;234;38;5;204;1
test		48;5;234;38;5;205
test		48;5;234;38;5;205;1
test		48;5;234;38;5;206
test		48;5;234;38;5;206;1
test		48;5;234;38;5;207
test		48;5;234;38;5;207;1
test		48;5;234;38;5;208
test		48;5;234;38;5;208;1
test		48;5;234;38;5;209
test		48;5;234;38;5;209;1
test		48;5;234;38;5;210
test		48;5;234;38;5;210;1
test		48;5;234;38;5;211
test		48;5;234;38;5;211;1
test		48;5;234;38;5;212
test		48;5;234;38;5;212;1
test		48;5;234;38;5;213
test		48;5;234;38;5;213;1
test		48;5;234;38;5;214
test		48;5;234;38;5;214;1
test		48;5;234;38;5;215
test		48;5;234;38;5;215;1
test		48;5;234;38;5;216
test		48;5;234;38;5;216;1
test		48;5;234;38;5;217
test		48;5;234;38;5;217;1
test		48;5;234;38;5;218
test		48;5;234;38;5;218;1
test		48;5;234;38;5;219
test		48;5;234;38;5;219;1
test		48;5;234;38;5;220
test		48;5;234;38;5;220;1
test		48;5;234;38;5;221
test		48;5;234;38;5;221;1
test		48;5;234;38;5;222
test		48;5;234;38;5;222;1
test		48;5;234;38;5;223
test		48;5;234;38;5;223;1
test		48;5;234;38;5;224
test		48;5;234;38;5;224;1
test		48;5;234;38;5;225
test		48;5;234;38;5;225;1
test		48;5;234;38;5;226
test		48;5;234;38;5;226;1
test		48;5;234;38;5;227
test		48;5;234;38;5;227;1
test		48;5;234;38;5;228
test		48;5;234;38;5;228;1
test		48;5;234;38;5;229
test		48;5;234;38;5;229;1
test		48;5;234;38;5;230
test		48;5;234;38;5;230;1
test		48;5;234;38;5;231
test		48;5;234;38;5;231;1
test		48;5;234;38;5;232
test		48;5;234;38;5;232;1
test		48;5;234;38;5;233
test		48;5;234;38;5;233;1
test		48;5;234;38;5;234
test		48;5;234;38;5;234;1
test		48;5;234;38;5;235
test		48;5;234;38;5;235;1
test		48;5;234;38;5;236
test		48;5;234;38;5;236;1
test		48;5;234;38;5;237
test		48;5;234;38;5;237;1
test		48;5;234;38;5;238
test		48;5;234;38;5;238;1
test		48;5;234;38;5;239
test		48;5;234;38;5;239;1
test		48;5;234;38;5;240
test		48;5;234;38;5;240;1
test		48;5;234;38;5;241
test		48;5;234;38;5;241;1
test		48;5;234;38;5;242
test		48;5;234;38;5;242;1
test		48;5;234;38;5;243
test		48;5;234;38;5;243;1
test		48;5;234;38;5;244
test		48;5;234;38;5;244;1
test		48;5;234;38;5;245
test		48;5;234;38;5;245;1
test		48;5;234;38;5;246
test		48;5;234;38;5;246;1
test		48;5;234;38;5;247
test		48;5;234;38;5;247;1
test		48;5;234;38;5;248
test		48;5;234;38;5;248;1
test		48;5;234;38;5;249
test		48;5;234;38;5;249;1
test		48;5;234;38;5;250
test		48;5;234;38;5;250;1
test		48;5;234;38;5;251
test		48;5;234;38;5;251;1
test		48;5;234;38;5;252
test		48;5;234;38;5;252;1
test		48;5;234;38;5;253
test		48;5;234;38;5;253;1
test		48;5;234;38;5;254
test		48;5;234;38;5;254;1
test		48;5;234;38;5;255
test		48;5;234;38;5;255;1
